Age,Gender,Location,Liked_categories
1989,2,0.18125, 1079,  1096, 1073,  1102, 1074,  1076, 1098
1985,1,0.51875, 1112,  1113, 1073
1994,0,0.51875, 1103, 1098,  1128, 1106, 1077, 1074,  1102, 1073
1980,1,0.340625, 1074,  1127
1913,0,0.515625, 1074,  1098, 1098, 1104,  1128, 1102, 1106, 1077,  1102, 1073
1976,0,0.51875, 1073, 1074
1975,0,0.51875, 1073,  1074,  1075, 1074,  1127
1997,1,0.51875, 1073,  1103
1966,1,0.515625, 1112,  1113, 1103,  1104, 1075,  1105, 1074,  1111, 1118, 1122, 1073
1980,0,0.515625, 1073,  1074,  1127, 1103
1978,0,0.515625, 1122
1980,0,0.0625, 1073
1979,1,0.0625, 1073
1991,1,0.51875, 1073,  1109
