9, 1073, 1075, 1113
22, 1073, 1074
32, 1073, 1076
35, 1073, 1074, 1096, 1112
38, 1073, 1074, 1104, 1112
50, 1073, 1103
56, 1073, 1074, 1103
61, 1073, 1074, 1124
66, 1073
85, 1073, 1102
86, 1073, 1074, 1127
90, 1073, 1074, 1102
91, 1073, 1109
105, 1073
106, 1073
108, 1073
109, 1073
114, 1073, 1077
118, 1073
124, 1073, 1074
126, 1073, 1104
129, 1073, 1104
132, 1073, 1077, 1079
135, 1073
138, 1073
140, 1073, 1077
143, 1073, 1103
145, 1073, 1077
148, 1073, 1077
149, 1073, 1077
151, 1073, 1074, 1093, 1109
152, 1073, 1077
187, 1073
194, 1073
195, 1073
196, 1073, 1074
197, 1073
198, 1073, 1078
208, 1073
209, 1073
224, 1073
232, 1073, 1074, 1111
249, 1073, 1077
264, 1073, 1077
268, 1073, 1108, 1124
269, 1073, 1077
271, 1073, 1074
273, 1073, 1074
275, 1073, 1109
277, 1073, 1074
285, 1073, 1109
287, 1073
288, 1073
291, 1073, 1074, 1109
303, 1073
319, 1073, 1074, 1127
328, 1073
330, 1073
347, 1073, 1095
348, 1073
366, 1073
368, 1073, 1102, 1103
374, 1073
376, 1073, 1102, 1103, 1104, 1127
377, 1073, 1127
378, 1073, 1077, 1109
381, 1073, 1103
391, 1073, 1074
395, 1073, 1109
397, 1073, 1095, 1096
411, 1073, 1074, 1075
419, 1073, 1109, 1128
421, 1073, 1127
422, 1073, 1103
423, 1073, 1074, 1095
427, 1073, 1074, 1111
429, 1073, 1094, 1111
433, 1073
434, 1073
440, 1073, 1109
445, 1073
452, 1073
456, 1073, 1103
460, 1073, 1094
464, 1073, 1074
466, 1073, 1074
469, 1073, 1074
471, 1073, 1094, 1119
475, 1073
479, 1073
480, 1073
481, 1073
482, 1073, 1102
485, 1073
486, 1073
2, 1074, 1098
11, 1074
12, 1074
13, 1074, 1130
15, 1074, 1096, 1112
20, 1074, 1075
27, 1074, 1080, 1102, 1111
29, 1074, 1080
31, 1074, 1093, 1108, 1113
37, 1074, 1098
40, 1074, 1076
42, 1074, 1095
43, 1074, 1092
44, 1074, 1105
51, 1074, 1098
53, 1074, 1111
55, 1074, 1080, 1112, 1117
57, 1074, 1112
59, 1074, 1098, 1112
62, 1074, 1111, 1112, 1113
63, 1074, 1075
69, 1074
70, 1074, 1078, 1106
75, 1074
78, 1074, 1079
80, 1074
84, 1074
87, 1074
89, 1074
96, 1074, 1076, 1079
98, 1074, 1076
99, 1074
103, 1074, 1113, 1118
115, 1074, 1075
116, 1074, 1076
117, 1074, 1076, 1080
121, 1074
128, 1074
130, 1074, 1098
131, 1074, 1098
133, 1074
136, 1074, 1098
137, 1074
141, 1074
144, 1074, 1109
153, 1074
155, 1074, 1079
156, 1074
157, 1074
158, 1074
164, 1074
165, 1074
169, 1074, 1079
170, 1074
171, 1074
175, 1074
176, 1074
178, 1074
179, 1074
191, 1074
200, 1074
201, 1074
203, 1074
204, 1074
205, 1074
206, 1074
212, 1074
213, 1074
217, 1074, 1115
220, 1074, 1075, 1132
222, 1074, 1076, 1132
223, 1074
231, 1074, 1111
233, 1074, 1111
244, 1074, 1076
245, 1074, 1076
247, 1074, 1075, 1111
252, 1074, 1079
253, 1074, 1077
255, 1074, 1098
276, 1074, 1075
281, 1074, 1075
297, 1074
311, 1074
313, 1074
326, 1074, 1111
327, 1074
334, 1074, 1098, 1110
338, 1074, 1077
350, 1074, 1075
358, 1074
388, 1074
390, 1074, 1095
392, 1074, 1132
438, 1074
439, 1074
453, 1074, 1102
454, 1074, 1102
459, 1074, 1127
461, 1074, 1095
468, 1074
470, 1074
472, 1074
473, 1074, 1105
477, 1074
478, 1074, 1095, 1112
483, 1074, 1103
484, 1074, 1077
73, 1075, 1105
92, 1075
279, 1075
324, 1075, 1105
340, 1075
342, 1075
447, 1075, 1105
45, 1076
47, 1076, 1079
65, 1076
83, 1076
93, 1076, 1109
94, 1076
95, 1076
97, 1076
100, 1076, 1079
101, 1076, 1079
102, 1076
104, 1076
120, 1076
139, 1076
160, 1076
174, 1076
188, 1076, 1132
189, 1076
226, 1076
228, 1076
248, 1076
256, 1076, 1079
270, 1076
272, 1076, 1079
307, 1076, 1118
308, 1076, 1079, 1118
316, 1076
320, 1076
441, 1076
476, 1076
23, 1077, 1080
30, 1077, 1128
76, 1077
88, 1077
112, 1077, 1096, 1109
123, 1077
183, 1077
286, 1077, 1128
301, 1077, 1093
359, 1077
410, 1077, 1103
436, 1077
437, 1077
77, 1078
81, 1078, 1112, 1115, 1118, 1120
82, 1078
242, 1078
243, 1078
318, 1078, 1080
322, 1078, 1108, 1114
325, 1078
394, 1078, 1112, 1115
398, 1078
489, 1078
490, 1078
491, 1078
492, 1078
494, 1078
495, 1078
496, 1078
497, 1078
498, 1078
499, 1078
500, 1078
501, 1078
502, 1078
503, 1078
505, 1078
506, 1078
507, 1078
508, 1078
509, 1078
510, 1078
511, 1078
512, 1078
513, 1078
514, 1078
515, 1078
516, 1078
520, 1078, 1101
521, 1078, 1101
522, 1078, 1101
523, 1078, 1101
525, 1078, 1100, 1101
526, 1078
528, 1078, 1101
529, 1078
530, 1078, 1100, 1101
531, 1078, 1101
533, 1078, 1101
534, 1078, 1100, 1101
535, 1078
536, 1078
537, 1078
538, 1078, 1101
539, 1078
540, 1078
541, 1078
542, 1078
543, 1078
544, 1078
545, 1078, 1094, 1100, 1101
546, 1078, 1100, 1101
548, 1078
550, 1078
551, 1078
552, 1078
554, 1078
557, 1078
558, 1078
559, 1078
561, 1078, 1101
563, 1078
564, 1078
566, 1078, 1100
567, 1078
568, 1078, 1101
569, 1078
570, 1078
571, 1078
572, 1078
574, 1078
575, 1078, 1100, 1101
577, 1078
578, 1078
579, 1078
580, 1078
581, 1078
582, 1078
583, 1078
584, 1078
585, 1078
587, 1078
592, 1078
593, 1078
599, 1078
600, 1078
601, 1078
602, 1078
603, 1078
604, 1078
605, 1078
606, 1078
607, 1078
608, 1078
609, 1078
610, 1078
611, 1078
612, 1078
613, 1078
614, 1078
615, 1078
616, 1078
617, 1078, 1101
618, 1078
619, 1078
620, 1078
621, 1078
622, 1078
623, 1078
624, 1078
626, 1078
628, 1078
629, 1078
630, 1078
631, 1078
632, 1078
633, 1078
634, 1078
635, 1078
636, 1078
637, 1078
638, 1078
640, 1078
641, 1078
642, 1078
644, 1078
645, 1078
646, 1078
647, 1078
648, 1078
649, 1078
650, 1078
651, 1078
652, 1078
653, 1078
654, 1078
655, 1078
656, 1078
657, 1078
658, 1078
659, 1078
660, 1078
661, 1078
662, 1078
663, 1078
664, 1078
665, 1078
666, 1078
667, 1078
668, 1078
669, 1078
670, 1078
671, 1078
672, 1078
673, 1078
674, 1078
675, 1078
676, 1078
677, 1078
678, 1078
679, 1078
680, 1078
681, 1078
682, 1078
683, 1078
684, 1078
685, 1078
686, 1078
687, 1078
688, 1078
689, 1078
690, 1078, 1101
691, 1078
692, 1078, 1101
693, 1078, 1101
694, 1078, 1101
695, 1078
696, 1078, 1101
697, 1078, 1101
698, 1078, 1101
699, 1078, 1101
700, 1078, 1094
52, 1079, 1096
111, 1079
159, 1079
162, 1079
168, 1079
173, 1079
185, 1079
186, 1079
202, 1079
218, 1079
219, 1079, 1094
221, 1079
225, 1079
227, 1079
241, 1079
250, 1079
257, 1079
258, 1079
274, 1079, 1094
278, 1079
280, 1079
289, 1079
306, 1079
331, 1079
332, 1079
333, 1079
344, 1079, 1080
345, 1079, 1080
346, 1079
353, 1079, 1080
354, 1079
355, 1079, 1080
372, 1079
375, 1079
402, 1079, 1114
41, 1080
79, 1080
172, 1080
190, 1080
302, 1080
317, 1080
329, 1080
343, 1080
351, 1080
380, 1080, 1093
386, 1080
425, 1080, 1093, 1128
339, 1092
349, 1092
414, 1093, 1109
416, 1093, 1109
266, 1094, 1113
428, 1094, 1097, 1110, 1127
430, 1094, 1111, 1114
450, 1094, 1113
487, 1094
488, 1094, 1095, 1097, 1101
532, 1094, 1095, 1096, 1097, 1127, 1128
562, 1094
598, 1094, 1096
180, 1095
444, 1095, 1118
474, 1095
549, 1095
555, 1095, 1096, 1097
113, 1096, 1097
413, 1096, 1127
565, 1096, 1100, 1101
58, 1097
341, 1097
10, 1098
21, 1098
24, 1098
34, 1098
64, 1098
72, 1098
74, 1098
107, 1098
122, 1098
125, 1098
127, 1098
142, 1098
154, 1098
163, 1098
166, 1098
177, 1098
181, 1098
182, 1098
193, 1098
210, 1098
211, 1098
214, 1098
229, 1098
230, 1098
234, 1098
235, 1098
236, 1098
237, 1098
238, 1098
239, 1098
240, 1098
246, 1098
251, 1098
254, 1098
260, 1098
283, 1098
284, 1098
290, 1098
292, 1098
293, 1098
294, 1098
295, 1098
296, 1098
298, 1098
299, 1098
300, 1098
309, 1098
314, 1098
335, 1098
336, 1098
337, 1098
371, 1098
442, 1098, 1111, 1112
504, 1099
519, 1100, 1101
527, 1100, 1101
310, 1101, 1112
426, 1101
493, 1101
517, 1101
518, 1101
524, 1101
547, 1101
553, 1101
556, 1101
560, 1101
573, 1101
576, 1101
625, 1101
627, 1101
643, 1101
28, 1102, 1104
215, 1102
312, 1102, 1104
365, 1102, 1103, 1104
369, 1102, 1103, 1104
383, 1102, 1128
401, 1102, 1127
5, 1103, 1104
6, 1103
7, 1103
8, 1103
14, 1103
17, 1103, 1112
26, 1103, 1111
39, 1103, 1104
60, 1103
110, 1103
146, 1103
147, 1103
192, 1103
199, 1103
321, 1103, 1104
379, 1103, 1128
382, 1103
403, 1103, 1128
404, 1103
420, 1103, 1128
455, 1103
19, 1104
33, 1104
357, 1104, 1128
363, 1104, 1128
415, 1104
457, 1104
16, 1105
360, 1105
370, 1105, 1132
54, 1106
282, 1106
384, 1106
385, 1106
431, 1106
364, 1107
367, 1107
405, 1107
412, 1107
25, 1108, 1113
68, 1108, 1112, 1116
71, 1108
262, 1108
263, 1108
4, 1109
18, 1109
150, 1109
207, 1109
261, 1109
407, 1109
387, 1110
393, 1110
448, 1111
458, 1111
305, 1112, 1113
361, 1112, 1115
418, 1112, 1118
435, 1112, 1113
446, 1112, 1113
451, 1112, 1115, 1120
462, 1113, 1127
463, 1113, 1127
417, 1114
46, 1115, 1120
362, 1115
432, 1115, 1116
161, 1116, 1118
167, 1116, 1118
373, 1116, 1118
399, 1116, 1119
304, 1117
315, 1117
67, 1118, 1120
389, 1118
443, 1118, 1120
467, 1118
49, 1119
465, 1120
400, 1122
406, 1129
408, 1129
409, 1129
48, 1130
216, 1130
184, 1132
323, 1132
352, 1132
356, 1132
586, 1132
588, 1132
589, 1132
590, 1132
591, 1132
594, 1132
595, 1132
596, 1132
597, 1132
639, 1132
