UserId,Lpid
9,1073
22,1073
32,1073
35,1073
38,1073
50,1073
56,1073
61,1073
66,1073
85,1073
86,1073
90,1073
91,1073
105,1073
106,1073
108,1073
109,1073
114,1073
118,1073
124,1073
126,1073
129,1073
132,1073
135,1073
138,1073
140,1073
143,1073
145,1073
148,1073
149,1073
151,1073
152,1073
187,1073
194,1073
195,1073
196,1073
197,1073
198,1073
208,1073
209,1073
224,1073
232,1073
249,1073
264,1073
268,1073
269,1073
271,1073
273,1073
275,1073
277,1073
285,1073
287,1073
288,1073
291,1073
303,1073
319,1073
328,1073
330,1073
347,1073
348,1073
366,1073
368,1073
374,1073
376,1073
377,1073
378,1073
381,1073
391,1073
395,1073
397,1073
411,1073
419,1073
421,1073
422,1073
423,1073
427,1073
429,1073
433,1073
434,1073
440,1073
445,1073
452,1073
456,1073
460,1073
464,1073
466,1073
469,1073
471,1073
475,1073
479,1073
480,1073
481,1073
482,1073
485,1073
486,1073
2,1074
11,1074
12,1074
13,1074
15,1074
20,1074
22,1074
27,1074
29,1074
31,1074
35,1074
37,1074
38,1074
40,1074
42,1074
43,1074
44,1074
51,1074
53,1074
55,1074
56,1074
57,1074
59,1074
61,1074
62,1074
63,1074
69,1074
70,1074
75,1074
78,1074
80,1074
84,1074
86,1074
87,1074
89,1074
90,1074
96,1074
98,1074
99,1074
103,1074
115,1074
116,1074
117,1074
121,1074
124,1074
128,1074
130,1074
131,1074
133,1074
136,1074
137,1074
141,1074
144,1074
151,1074
153,1074
155,1074
156,1074
157,1074
158,1074
164,1074
165,1074
169,1074
170,1074
171,1074
175,1074
176,1074
178,1074
179,1074
191,1074
196,1074
200,1074
201,1074
203,1074
204,1074
205,1074
206,1074
212,1074
213,1074
217,1074
220,1074
222,1074
223,1074
231,1074
232,1074
233,1074
244,1074
245,1074
247,1074
252,1074
253,1074
255,1074
271,1074
273,1074
276,1074
277,1074
281,1074
291,1074
297,1074
311,1074
313,1074
319,1074
326,1074
327,1074
334,1074
338,1074
350,1074
358,1074
388,1074
390,1074
391,1074
392,1074
411,1074
423,1074
427,1074
438,1074
439,1074
453,1074
454,1074
459,1074
461,1074
464,1074
466,1074
468,1074
469,1074
470,1074
472,1074
473,1074
477,1074
478,1074
483,1074
484,1074
9,1075
20,1075
63,1075
73,1075
92,1075
115,1075
220,1075
247,1075
276,1075
279,1075
281,1075
324,1075
340,1075
342,1075
350,1075
411,1075
447,1075
32,1076
40,1076
45,1076
47,1076
65,1076
83,1076
93,1076
94,1076
95,1076
96,1076
97,1076
98,1076
100,1076
101,1076
102,1076
104,1076
116,1076
117,1076
120,1076
139,1076
160,1076
174,1076
188,1076
189,1076
222,1076
226,1076
228,1076
244,1076
245,1076
248,1076
256,1076
270,1076
272,1076
307,1076
308,1076
316,1076
320,1076
441,1076
476,1076
23,1077
30,1077
76,1077
88,1077
112,1077
114,1077
123,1077
132,1077
140,1077
145,1077
148,1077
149,1077
152,1077
183,1077
249,1077
253,1077
264,1077
269,1077
286,1077
301,1077
338,1077
359,1077
378,1077
410,1077
436,1077
437,1077
484,1077
70,1078
77,1078
81,1078
82,1078
198,1078
242,1078
243,1078
318,1078
322,1078
325,1078
394,1078
398,1078
489,1078
490,1078
491,1078
492,1078
494,1078
495,1078
496,1078
497,1078
498,1078
499,1078
500,1078
501,1078
502,1078
503,1078
505,1078
506,1078
507,1078
508,1078
509,1078
510,1078
511,1078
512,1078
513,1078
514,1078
515,1078
516,1078
520,1078
521,1078
522,1078
523,1078
525,1078
526,1078
528,1078
529,1078
530,1078
531,1078
533,1078
534,1078
535,1078
536,1078
537,1078
538,1078
539,1078
540,1078
541,1078
542,1078
543,1078
544,1078
545,1078
546,1078
548,1078
550,1078
551,1078
552,1078
554,1078
557,1078
558,1078
559,1078
561,1078
563,1078
564,1078
566,1078
567,1078
568,1078
569,1078
570,1078
571,1078
572,1078
574,1078
575,1078
577,1078
578,1078
579,1078
580,1078
581,1078
582,1078
583,1078
584,1078
585,1078
587,1078
592,1078
593,1078
599,1078
600,1078
601,1078
602,1078
603,1078
604,1078
605,1078
606,1078
607,1078
608,1078
609,1078
610,1078
611,1078
612,1078
613,1078
614,1078
615,1078
616,1078
617,1078
618,1078
619,1078
620,1078
621,1078
622,1078
623,1078
624,1078
626,1078
628,1078
629,1078
630,1078
631,1078
632,1078
633,1078
634,1078
635,1078
636,1078
637,1078
638,1078
640,1078
641,1078
642,1078
644,1078
645,1078
646,1078
647,1078
648,1078
649,1078
650,1078
651,1078
652,1078
653,1078
654,1078
655,1078
656,1078
657,1078
658,1078
659,1078
660,1078
661,1078
662,1078
663,1078
664,1078
665,1078
666,1078
667,1078
668,1078
669,1078
670,1078
671,1078
672,1078
673,1078
674,1078
675,1078
676,1078
677,1078
678,1078
679,1078
680,1078
681,1078
682,1078
683,1078
684,1078
685,1078
686,1078
687,1078
688,1078
689,1078
690,1078
691,1078
692,1078
693,1078
694,1078
695,1078
696,1078
697,1078
698,1078
699,1078
700,1078
701,1078
703,1078
704,1078
705,1078
706,1078
710,1078
712,1078
713,1078
714,1078
716,1078
717,1078
719,1078
725,1078
47,1079
52,1079
78,1079
96,1079
100,1079
101,1079
111,1079
132,1079
155,1079
159,1079
162,1079
168,1079
169,1079
173,1079
185,1079
186,1079
202,1079
218,1079
219,1079
221,1079
225,1079
227,1079
241,1079
250,1079
252,1079
256,1079
257,1079
258,1079
272,1079
274,1079
278,1079
280,1079
289,1079
306,1079
308,1079
331,1079
332,1079
333,1079
344,1079
345,1079
346,1079
353,1079
354,1079
355,1079
372,1079
375,1079
402,1079
23,1080
27,1080
29,1080
41,1080
55,1080
79,1080
117,1080
172,1080
190,1080
302,1080
317,1080
318,1080
329,1080
343,1080
344,1080
345,1080
351,1080
353,1080
355,1080
380,1080
386,1080
425,1080
43,1092
339,1092
349,1092
31,1093
151,1093
301,1093
380,1093
414,1093
416,1093
425,1093
219,1094
266,1094
274,1094
428,1094
429,1094
430,1094
450,1094
460,1094
471,1094
487,1094
488,1094
532,1094
545,1094
562,1094
598,1094
700,1094
702,1094
708,1094
723,1094
725,1094
42,1095
180,1095
347,1095
390,1095
397,1095
423,1095
444,1095
461,1095
474,1095
478,1095
488,1095
532,1095
549,1095
555,1095
707,1095
721,1095
15,1096
35,1096
52,1096
112,1096
113,1096
397,1096
413,1096
532,1096
555,1096
565,1096
598,1096
702,1096
58,1097
113,1097
341,1097
428,1097
488,1097
532,1097
555,1097
2,1098
10,1098
21,1098
24,1098
34,1098
37,1098
51,1098
59,1098
64,1098
72,1098
74,1098
107,1098
122,1098
125,1098
127,1098
130,1098
131,1098
136,1098
142,1098
154,1098
163,1098
166,1098
177,1098
181,1098
182,1098
193,1098
210,1098
211,1098
214,1098
229,1098
230,1098
234,1098
235,1098
236,1098
237,1098
238,1098
239,1098
240,1098
246,1098
251,1098
254,1098
255,1098
260,1098
283,1098
284,1098
290,1098
292,1098
293,1098
294,1098
295,1098
296,1098
298,1098
299,1098
300,1098
309,1098
314,1098
334,1098
335,1098
336,1098
337,1098
371,1098
442,1098
504,1099
519,1100
525,1100
527,1100
530,1100
534,1100
545,1100
546,1100
565,1100
566,1100
575,1100
711,1100
718,1100
720,1100
725,1100
310,1101
426,1101
488,1101
493,1101
517,1101
518,1101
519,1101
520,1101
521,1101
522,1101
523,1101
524,1101
525,1101
527,1101
528,1101
530,1101
531,1101
533,1101
534,1101
538,1101
545,1101
546,1101
547,1101
553,1101
556,1101
560,1101
561,1101
565,1101
568,1101
573,1101
575,1101
576,1101
617,1101
625,1101
627,1101
643,1101
690,1101
692,1101
693,1101
694,1101
696,1101
697,1101
698,1101
699,1101
703,1101
704,1101
705,1101
710,1101
711,1101
712,1101
713,1101
714,1101
725,1101
27,1102
28,1102
85,1102
90,1102
215,1102
312,1102
365,1102
368,1102
369,1102
376,1102
383,1102
401,1102
453,1102
454,1102
482,1102
5,1103
6,1103
7,1103
8,1103
14,1103
17,1103
26,1103
39,1103
50,1103
56,1103
60,1103
110,1103
143,1103
146,1103
147,1103
192,1103
199,1103
321,1103
365,1103
368,1103
369,1103
376,1103
379,1103
381,1103
382,1103
403,1103
404,1103
410,1103
420,1103
422,1103
455,1103
456,1103
483,1103
5,1104
19,1104
28,1104
33,1104
38,1104
39,1104
126,1104
129,1104
312,1104
321,1104
357,1104
363,1104
365,1104
369,1104
376,1104
415,1104
457,1104
16,1105
44,1105
73,1105
324,1105
360,1105
370,1105
447,1105
473,1105
54,1106
70,1106
282,1106
384,1106
385,1106
431,1106
364,1107
367,1107
405,1107
412,1107
25,1108
31,1108
68,1108
71,1108
262,1108
263,1108
268,1108
322,1108
4,1109
18,1109
91,1109
93,1109
112,1109
144,1109
150,1109
151,1109
207,1109
261,1109
275,1109
285,1109
291,1109
378,1109
395,1109
407,1109
414,1109
416,1109
419,1109
440,1109
334,1110
387,1110
393,1110
428,1110
26,1111
27,1111
53,1111
62,1111
231,1111
232,1111
233,1111
247,1111
326,1111
427,1111
429,1111
430,1111
442,1111
448,1111
458,1111
15,1112
17,1112
35,1112
38,1112
55,1112
57,1112
59,1112
62,1112
68,1112
81,1112
305,1112
310,1112
361,1112
394,1112
418,1112
435,1112
442,1112
446,1112
451,1112
478,1112
9,1113
25,1113
31,1113
62,1113
103,1113
266,1113
305,1113
435,1113
446,1113
450,1113
462,1113
463,1113
322,1114
402,1114
417,1114
430,1114
46,1115
81,1115
217,1115
361,1115
362,1115
394,1115
432,1115
451,1115
68,1116
161,1116
167,1116
373,1116
399,1116
432,1116
55,1117
304,1117
315,1117
67,1118
81,1118
103,1118
161,1118
167,1118
307,1118
308,1118
373,1118
389,1118
418,1118
443,1118
444,1118
467,1118
49,1119
399,1119
471,1119
46,1120
67,1120
81,1120
443,1120
451,1120
465,1120
400,1122
61,1124
268,1124
86,1127
319,1127
376,1127
377,1127
401,1127
413,1127
421,1127
428,1127
459,1127
462,1127
463,1127
532,1127
709,1127
715,1127
722,1127
724,1127
30,1128
286,1128
357,1128
363,1128
379,1128
383,1128
403,1128
419,1128
420,1128
425,1128
532,1128
406,1129
408,1129
409,1129
13,1130
48,1130
216,1130
184,1132
188,1132
220,1132
222,1132
323,1132
352,1132
356,1132
370,1132
392,1132
586,1132
588,1132
589,1132
590,1132
591,1132
594,1132
595,1132
596,1132
597,1132
639,1132
